89010 8
89019 8
89060 8
89061 8
89439 1
90001 40
90002 43
90003 37
90004 28
90005 33
90006 34
90007 34
90008 37
90010 33
90011 37
90012 34
90013 34
90014 34
90015 34
90016 37
90017 34
90018 34
90019 34
90020 33
90021 34
90022 27
90023 34
90024 33
90025 33
90026 28
90027 28
90028 28
90029 28
90031 28
90032 34
90033 34
90034 37
90035 33
90036 28
90037 37
90038 28
90039 28
90040 40
90041 34
90042 27
90043 37
90044 37
90045 37
90046 28
90047 37
90048 28
90049 30
90056 37
90057 34
90058 34
90059 43
90061 43
90062 37
90063 34
90064 33
90065 28
90066 33
90067 37
90068 28
90069 28
90071 34
90073 33
90077 30
90079 34
90089 34
90090 34
90094 43
90095 33
90201 40
90210 28
90211 33
90212 33
90220 44
90221 40
90222 44
90230 37
90232 37
90240 40
90241 38
90242 40
90245 33
90247 43
90248 43
90249 43
90250 43
90254 33
90255 40
90260 43
90262 40
90263 33
90265 26
90266 33
90270 40
90272 33
90274 33
90275 33
90277 33
90278 33
90280 44
90290 33
90291 33
90292 33
90293 33
90301 43
90302 37
90303 43
90304 43
90305 43
90401 33
90402 33
90403 33
90404 33
90405 33
90501 43
90502 43
90503 33
90504 33
90505 33
90506 43
90601 32
90602 38
90603 38
90604 38
90605 38
90606 38
90620 39
90621 39
90623 38
90630 38
90631 38
90638 38
90640 27
90650 38
90660 32
90670 38
90680 47
90701 38
90703 38
90704 47
90706 38
90710 33
90712 38
90713 38
90715 38
90716 38
90717 33
90720 47
90723 40
90731 33
90732 33
90740 47
90742 48
90743 48
90744 33
90745 44
90746 44
90747 44
90755 47
90802 44
90803 47
90804 47
90805 38
90806 47
90807 47
90808 47
90810 44
90813 44
90814 47
90815 47
90822 47
90831 47
91001 27
91006 27
91007 27
91008 27
91010 32
91011 27
91016 27
91020 28
91024 27
91030 27
91040 28
91042 25
91046 28
91101 27
91103 27
91104 27
91105 27
91106 27
91107 27
91108 27
91201 28
91202 28
91203 28
91204 28
91205 28
91206 28
91207 28
91208 28
91210 28
91214 28
91301 33
91302 30
91303 30
91304 25
91306 30
91307 30
91311 25
91316 30
91320 26
91321 25
91324 30
91325 30
91326 25
91330 30
91331 28
91335 30
91340 29
91342 28
91343 29
91344 25
91345 29
91350 25
91351 25
91352 28
91354 25
91355 25
91356 30
91360 26
91361 26
91362 25
91364 30
91367 30
91371 30
91377 26
91381 25
91384 25
91387 25
91390 25
91401 29
91402 29
91403 30
91405 29
91406 29
91411 29
91423 30
91436 30
91501 28
91502 28
91504 28
91505 28
91506 28
91601 29
91602 29
91604 30
91605 28
91606 29
91607 29
91608 28
91701 27
91702 27
91706 32
91708 35
91709 35
91710 35
91711 27
91722 32
91723 32
91724 32
91730 31
91731 27
91732 27
91733 27
91737 8
91739 8
91740 27
91741 27
91744 32
91745 32
91746 32
91748 32
91750 27
91752 41
91754 27
91755 27
91759 8
91761 35
91762 35
91763 35
91764 35
91765 35
91766 35
91767 27
91768 32
91770 27
91773 27
91775 27
91776 27
91780 27
91784 8
91786 27
91789 32
91790 32
91791 32
91792 32
91801 27
91803 27
91901 50
91902 51
91905 50
91906 51
91910 51
91911 51
91913 53
91914 50
91915 51
91916 50
91917 51
91931 50
91932 51
91934 51
91935 50
91941 50
91942 53
91945 51
91948 50
91950 51
91962 50
91963 51
91977 53
91978 50
91980 51
92003 49
92004 50
92007 49
92008 49
92009 49
92010 49
92011 49
92014 49
92019 50
92020 50
92021 50
92024 49
92025 50
92026 50
92027 50
92028 49
92029 49
92036 50
92037 49
92040 50
92054 49
92055 49
92056 49
92057 49
92058 49
92059 50
92060 50
92061 50
92064 50
92065 50
92066 50
92067 49
92069 50
92070 50
92071 50
92075 49
92078 49
92081 49
92082 50
92083 49
92084 49
92086 50
92091 49
92101 51
92102 51
92103 53
92104 51
92105 51
92106 52
92107 52
92108 52
92109 52
92110 52
92111 52
92113 51
92114 51
92115 51
92116 53
92117 52
92118 52
92119 52
92120 52
92121 49
92122 52
92123 52
92124 52
92126 52
92127 49
92128 52
92129 52
92130 49
92131 52
92132 52
92134 53
92135 52
92139 51
92140 52
92145 52
92147 52
92154 51
92155 52
92173 51
92201 36
92203 36
92210 36
92211 36
92220 36
92222 51
92223 36
92225 36
92227 51
92230 36
92231 51
92233 51
92234 36
92236 36
92239 36
92240 36
92241 36
92242 8
92243 51
92249 51
92250 51
92251 51
92252 8
92253 36
92254 36
92256 8
92257 51
92258 36
92259 51
92260 36
92262 36
92264 36
92266 51
92267 8
92268 8
92270 36
92273 51
92274 36
92275 51
92276 36
92277 8
92278 8
92280 8
92281 51
92282 36
92283 51
92284 8
92285 8
92301 8
92304 8
92305 8
92307 8
92308 8
92309 8
92310 8
92311 8
92313 31
92314 8
92315 8
92316 31
92320 36
92321 8
92322 8
92324 31
92325 8
92327 8
92328 8
92332 8
92333 8
92335 35
92336 8
92337 35
92338 8
92339 8
92341 8
92342 8
92344 8
92345 8
92346 8
92347 8
92352 8
92354 31
92356 8
92358 8
92359 8
92363 8
92364 8
92365 8
92368 8
92371 8
92372 8
92373 8
92374 8
92376 31
92377 31
92378 8
92382 8
92384 8
92385 8
92386 8
92389 8
92391 8
92392 8
92394 8
92395 8
92397 8
92398 8
92399 8
92401 31
92404 8
92405 31
92407 8
92408 31
92410 8
92411 31
92501 41
92503 41
92504 41
92505 41
92506 41
92507 41
92508 41
92509 35
92518 41
92530 42
92532 42
92536 36
92539 36
92543 36
92544 36
92545 36
92548 42
92549 36
92551 41
92553 41
92555 41
92557 41
92561 36
92562 42
92563 42
92567 36
92570 41
92571 41
92582 36
92583 36
92584 42
92585 41
92586 41
92587 41
92590 42
92591 42
92592 42
92595 42
92596 42
92602 45
92603 45
92604 45
92606 45
92610 45
92612 45
92614 45
92617 45
92618 45
92620 45
92624 49
92625 48
92626 48
92627 48
92629 48
92630 45
92637 45
92646 48
92647 47
92648 48
92649 48
92651 48
92653 45
92655 47
92656 45
92657 48
92660 45
92661 48
92662 48
92663 48
92672 49
92673 49
92675 48
92676 45
92677 45
92678 45
92679 45
92683 47
92688 45
92691 45
92692 45
92694 49
92701 45
92703 46
92704 46
92705 45
92706 46
92707 46
92708 48
92780 45
92782 45
92801 39
92802 46
92804 46
92805 39
92806 39
92807 39
92808 39
92821 39
92823 39
92831 39
92832 39
92833 39
92835 39
92840 46
92841 47
92843 46
92844 47
92845 47
92860 41
92861 45
92865 45
92866 46
92867 39
92868 46
92869 45
92870 39
92879 41
92880 35
92881 42
92882 42
92883 42
92886 39
92887 39
93001 24
93003 24
93004 26
93010 26
93012 26
93013 24
93015 24
93021 26
93022 26
93023 24
93030 26
93033 26
93035 26
93036 26
93040 24
93041 26
93042 26
93043 26
93060 24
93063 25
93064 25
93065 25
93066 26
93067 24
93101 24
93103 24
93105 24
93108 24
93109 24
93110 24
93111 24
93117 24
93201 21
93202 21
93203 21
93204 21
93205 23
93206 21
93207 23
93208 23
93210 20
93212 21
93215 21
93218 21
93219 21
93220 21
93221 22
93222 23
93223 22
93224 23
93225 23
93226 23
93230 21
93234 21
93235 22
93238 23
93239 21
93240 23
93241 21
93242 21
93243 23
93244 23
93245 21
93247 22
93249 21
93250 21
93251 21
93252 23
93254 24
93255 23
93256 21
93257 21
93258 23
93260 23
93261 21
93262 23
93263 21
93265 23
93266 21
93267 22
93268 23
93270 21
93271 23
93272 21
93274 21
93276 23
93277 22
93280 21
93283 23
93285 23
93286 22
93287 23
93291 22
93292 22
93301 23
93304 21
93305 21
93306 21
93307 21
93308 21
93309 23
93311 21
93312 23
93313 21
93314 21
93401 24
93402 24
93405 24
93410 24
93420 24
93422 24
93424 24
93426 20
93427 24
93428 24
93429 24
93430 24
93432 24
93433 24
93434 24
93436 24
93437 24
93440 24
93441 24
93442 24
93444 24
93445 24
93446 24
93449 24
93450 20
93451 20
93452 24
93453 24
93454 24
93455 24
93458 24
93460 24
93461 20
93463 24
93465 24
93501 23
93505 23
93510 25
93512 8
93513 8
93514 8
93516 8
93517 8
93518 23
93519 23
93522 8
93523 23
93524 23
93526 8
93527 8
93528 23
93529 8
93530 8
93531 23
93532 25
93534 23
93535 23
93536 23
93541 8
93543 25
93544 25
93545 8
93546 8
93549 8
93550 25
93551 23
93552 25
93553 25
93554 23
93555 8
93558 8
93560 23
93561 23
93562 8
93563 25
93591 25
93592 8
93601 4
93602 4
93603 23
93604 4
93605 4
93606 16
93608 21
93609 21
93610 4
93611 22
93612 22
93614 4
93615 22
93616 21
93618 22
93619 4
93620 16
93621 4
93622 16
93623 4
93624 21
93625 21
93626 4
93627 21
93628 4
93630 16
93631 21
93633 4
93634 4
93635 16
93636 4
93637 16
93638 4
93640 21
93641 4
93643 4
93644 4
93645 4
93646 22
93647 22
93648 21
93650 22
93651 4
93652 21
93653 4
93654 21
93656 21
93657 4
93660 21
93662 21
93664 4
93665 16
93666 22
93667 4
93668 21
93669 4
93673 22
93675 4
93701 16
93702 16
93703 16
93704 16
93705 16
93706 16
93710 22
93711 16
93720 22
93721 16
93722 16
93723 16
93725 16
93726 16
93727 16
93728 16
93730 22
93901 20
93905 20
93906 20
93907 20
93908 20
93920 20
93921 20
93923 20
93924 20
93925 20
93926 20
93927 20
93928 20
93930 20
93932 20
93933 20
93940 20
93943 20
93950 20
93953 20
93954 20
93955 20
93960 20
93962 20
94002 14
94005 14
94010 14
94014 14
94015 14
94019 14
94020 18
94021 18
94022 18
94024 17
94025 14
94027 18
94028 18
94030 14
94037 14
94038 14
94040 18
94041 18
94043 17
94044 14
94060 18
94061 14
94062 14
94063 14
94065 14
94066 14
94070 14
94074 14
94080 14
94085 17
94086 17
94087 17
94089 17
94102 12
94103 12
94104 12
94105 12
94107 12
94108 12
94109 12
94110 12
94111 12
94112 12
94114 12
94115 12
94116 12
94117 12
94118 12
94121 12
94122 12
94123 12
94124 12
94127 12
94128 14
94129 12
94130 12
94131 12
94132 14
94133 12
94134 12
94158 12
94301 18
94303 14
94304 18
94305 18
94306 18
94401 14
94402 14
94403 14
94404 14
94501 13
94502 13
94503 5
94505 9
94506 11
94507 11
94508 5
94509 9
94510 3
94511 9
94512 3
94513 9
94514 9
94515 2
94516 11
94517 11
94518 11
94519 11
94520 11
94521 11
94523 11
94525 5
94526 11
94528 11
94530 11
94531 9
94533 3
94534 3
94535 3
94536 15
94538 15
94539 15
94541 15
94542 15
94544 15
94545 15
94546 13
94547 5
94548 9
94549 11
94550 15
94551 11
94552 15
94553 5
94555 15
94556 11
94558 5
94559 5
94560 17
94561 9
94563 11
94564 5
94565 11
94566 15
94567 5
94568 15
94569 5
94571 3
94572 5
94573 5
94574 5
94575 11
94576 5
94577 13
94578 13
94579 13
94580 13
94582 11
94583 11
94585 3
94586 15
94587 15
94588 11
94589 5
94590 5
94591 3
94592 5
94595 11
94596 11
94597 11
94598 11
94599 5
94601 13
94602 13
94603 13
94605 13
94606 13
94607 13
94608 13
94609 13
94610 13
94611 11
94612 13
94613 13
94618 13
94619 13
94621 13
94702 13
94703 13
94704 13
94705 13
94706 11
94707 11
94708 11
94709 13
94710 13
94720 13
94801 11
94803 5
94804 11
94805 11
94806 5
94850 11
94901 2
94903 2
94904 2
94920 2
94922 2
94923 2
94924 2
94925 2
94928 5
94929 2
94930 2
94931 2
94933 2
94937 2
94938 2
94939 2
94940 2
94941 2
94945 2
94946 2
94947 2
94949 2
94950 2
94951 2
94952 2
94954 2
94956 2
94957 2
94960 2
94963 2
94964 2
94965 2
94970 2
94971 2
94972 2
94973 2
95002 17
95003 20
95004 20
95005 18
95006 18
95007 18
95008 18
95010 20
95012 20
95013 19
95014 17
95017 18
95018 18
95019 20
95020 19
95023 19
95030 18
95032 18
95033 18
95035 17
95037 18
95039 20
95041 18
95043 20
95045 20
95046 19
95050 17
95051 17
95053 17
95054 17
95060 18
95062 20
95064 18
95065 18
95066 18
95070 17
95073 18
95075 20
95076 19
95110 17
95111 19
95112 17
95113 19
95116 19
95117 17
95118 18
95119 19
95120 18
95121 19
95122 19
95123 18
95124 18
95125 18
95126 17
95127 17
95128 18
95129 17
95130 18
95131 17
95132 17
95133 17
95134 17
95135 19
95136 18
95138 19
95139 19
95140 17
95148 19
95202 9
95203 9
95204 9
95205 9
95206 9
95207 9
95209 9
95210 9
95211 9
95212 9
95215 9
95219 9
95220 9
95222 4
95223 4
95224 4
95225 4
95226 4
95227 9
95228 4
95230 4
95231 9
95232 4
95233 4
95234 9
95236 9
95237 9
95240 9
95242 9
95245 4
95246 4
95247 4
95248 4
95249 4
95250 4
95251 4
95252 4
95254 4
95255 4
95257 4
95258 9
95301 16
95303 16
95304 9
95305 4
95306 4
95307 10
95310 4
95311 4
95312 16
95313 10
95314 4
95315 16
95316 10
95317 16
95318 4
95319 10
95320 9
95321 4
95322 16
95323 10
95324 16
95325 4
95326 10
95327 4
95328 10
95329 4
95330 9
95333 16
95334 16
95335 4
95336 9
95337 10
95338 4
95340 16
95341 16
95345 4
95346 4
95348 16
95350 10
95351 10
95354 10
95355 10
95356 10
95357 10
95358 10
95360 10
95361 9
95363 10
95364 4
95365 16
95366 9
95367 10
95368 10
95369 4
95370 4
95372 4
95374 16
95375 4
95376 10
95377 10
95379 4
95380 10
95382 10
95383 4
95385 10
95386 10
95387 10
95388 16
95389 4
95391 9
95401 2
95403 2
95404 2
95405 5
95407 2
95409 5
95410 2
95412 2
95415 2
95417 2
95420 2
95421 2
95422 3
95423 3
95425 2
95426 5
95427 2
95428 2
95429 2
95430 2
95431 5
95432 2
95435 5
95436 2
95437 2
95439 5
95441 2
95442 5
95443 3
95444 2
95445 2
95446 2
95448 2
95449 2
95450 2
95451 3
95452 5
95453 3
95454 2
95456 2
95457 3
95458 3
95459 2
95460 2
95461 5
95462 2
95463 2
95464 3
95465 2
95466 2
95467 5
95468 2
95469 2
95470 2
95471 2
95472 2
95476 5
95482 2
95485 3
95486 2
95488 2
95490 2
95492 2
95493 3
95494 2
95497 2
95501 2
95503 2
95511 2
95514 2
95519 2
95521 2
95524 2
95525 2
95526 2
95527 2
95528 2
95531 2
95536 2
95537 2
95540 2
95542 2
95543 2
95545 2
95546 2
95547 2
95548 2
95549 2
95550 2
95551 2
95552 2
95553 2
95554 2
95555 2
95556 2
95558 2
95559 2
95560 2
95562 2
95563 2
95564 2
95565 2
95567 2
95568 1
95569 2
95570 2
95571 2
95573 2
95585 2
95587 2
95589 2
95595 2
95601 4
95602 1
95603 1
95604 4
95605 3
95606 3
95607 3
95608 7
95610 7
95612 3
95614 4
95615 3
95616 3
95618 3
95619 4
95620 3
95621 6
95623 4
95624 7
95625 3
95626 3
95627 3
95628 7
95629 4
95630 7
95631 4
95632 3
95633 4
95634 4
95635 4
95636 4
95637 3
95638 7
95639 3
95640 4
95641 3
95642 4
95645 3
95646 4
95648 1
95650 4
95651 4
95652 6
95653 3
95655 7
95658 1
95659 3
95660 6
95661 4
95662 7
95663 4
95664 4
95665 4
95666 4
95667 4
95668 3
95669 4
95670 7
95672 4
95673 3
95674 3
95675 4
95677 4
95678 4
95679 3
95680 3
95681 1
95682 4
95683 7
95684 4
95685 4
95686 9
95687 3
95688 3
95689 4
95690 3
95691 3
95692 3
95693 7
95694 3
95695 3
95697 3
95698 3
95699 4
95701 1
95703 1
95709 4
95713 1
95714 1
95715 1
95717 1
95720 4
95721 4
95722 1
95724 4
95726 4
95728 1
95735 4
95736 1
95742 7
95746 4
95747 4
95757 3
95758 3
95762 4
95765 4
95776 3
95811 6
95814 6
95815 6
95816 6
95817 6
95818 6
95819 6
95820 6
95821 6
95822 6
95823 3
95824 6
95825 6
95826 6
95827 7
95828 6
95829 6
95830 7
95831 3
95832 3
95833 6
95834 3
95835 3
95837 3
95838 6
95841 6
95842 6
95843 3
95864 6
95901 1
95903 3
95910 1
95912 3
95914 1
95915 1
95916 1
95917 1
95918 3
95919 3
95920 1
95922 1
95923 1
95925 3
95926 1
95928 1
95930 1
95932 3
95934 1
95935 3
95936 1
95937 3
95938 1
95939 3
95941 1
95942 1
95943 1
95944 1
95945 1
95946 1
95947 1
95948 1
95949 1
95950 3
95951 1
95953 3
95954 1
95955 3
95956 1
95957 3
95959 1
95960 1
95961 3
95962 3
95963 1
95965 1
95966 1
95968 1
95969 1
95970 1
95971 1
95973 1
95974 1
95975 1
95977 1
95978 1
95979 3
95981 1
95982 3
95983 1
95984 1
95986 1
95987 3
95988 1
95991 3
95993 3
96001 1
96002 1
96003 1
96006 1
96007 1
96008 1
96009 1
96010 2
96011 1
96013 1
96014 1
96015 1
96016 1
96017 1
96019 1
96020 1
96021 1
96022 1
96023 1
96024 2
96025 1
96027 1
96028 1
96029 1
96031 1
96032 1
96033 1
96034 1
96035 1
96037 1
96038 1
96039 1
96040 1
96041 2
96044 1
96046 2
96047 1
96048 2
96049 1
96050 1
96051 1
96052 2
96054 1
96055 1
96056 1
96057 1
96058 1
96059 1
96061 1
96062 1
96063 1
96064 1
96065 1
96067 1
96068 1
96069 1
96071 1
96073 1
96074 1
96075 1
96076 1
96080 1
96084 1
96085 1
96086 1
96087 1
96088 1
96090 1
96091 2
96092 1
96093 2
96094 1
96096 1
96097 1
96101 1
96103 1
96104 1
96105 1
96106 1
96107 8
96108 1
96109 1
96110 1
96111 1
96112 1
96113 1
96114 1
96115 1
96116 1
96117 1
96118 1
96119 1
96120 4
96121 1
96122 1
96123 1
96124 1
96125 1
96126 1
96128 1
96129 1
96130 1
96132 1
96133 8
96134 1
96135 1
96136 1
96137 1
96140 4
96141 4
96142 4
96143 4
96145 4
96146 4
96148 4
96150 4
96155 4
96161 1
97635 1
